{
 "cells": [
  {
   "cell_type": "code",
   "execution_count": 1,
   "metadata": {},
   "outputs": [],
   "source": [
    "import numpy as np\n",
    "import pandas as pd\n",
    "\n",
    "df = pd.read_csv(\"종관기상관측(2019)_0119.csv\",encoding = \n",
    "                 'euc-kr',index_col = 0)"
   ]
  },
  {
   "cell_type": "code",
   "execution_count": 2,
   "metadata": {},
   "outputs": [],
   "source": [
    "df[\"일강수량(mm)\"].fillna(0,inplace =True)"
   ]
  },
  {
   "cell_type": "code",
   "execution_count": 3,
   "metadata": {},
   "outputs": [],
   "source": [
    "df=df.dropna(axis = 0 )"
   ]
  },
  {
   "cell_type": "code",
   "execution_count": 4,
   "metadata": {},
   "outputs": [
    {
     "data": {
      "text/html": [
       "<div>\n",
       "<style scoped>\n",
       "    .dataframe tbody tr th:only-of-type {\n",
       "        vertical-align: middle;\n",
       "    }\n",
       "\n",
       "    .dataframe tbody tr th {\n",
       "        vertical-align: top;\n",
       "    }\n",
       "\n",
       "    .dataframe thead th {\n",
       "        text-align: right;\n",
       "    }\n",
       "</style>\n",
       "<table border=\"1\" class=\"dataframe\">\n",
       "  <thead>\n",
       "    <tr style=\"text-align: right;\">\n",
       "      <th></th>\n",
       "      <th>지점명</th>\n",
       "      <th>일시</th>\n",
       "      <th>평균기온(°C)</th>\n",
       "      <th>최저기온(°C)</th>\n",
       "      <th>최고기온(°C)</th>\n",
       "      <th>일강수량(mm)</th>\n",
       "      <th>최대 순간 풍속(m/s)</th>\n",
       "      <th>최대 순간 풍속 풍향(16방위)</th>\n",
       "      <th>최대 풍속(m/s)</th>\n",
       "      <th>최대 풍속 풍향(16방위)</th>\n",
       "      <th>...</th>\n",
       "      <th>평균 현지기압(hPa)</th>\n",
       "      <th>최고 해면기압(hPa)</th>\n",
       "      <th>최저 해면기압(hPa)</th>\n",
       "      <th>평균 해면기압(hPa)</th>\n",
       "      <th>가조시간(hr)</th>\n",
       "      <th>평균 전운량(1/10)</th>\n",
       "      <th>평균 중하층운량(1/10)</th>\n",
       "      <th>평균 지면온도(°C)</th>\n",
       "      <th>최저 초상온도(°C)</th>\n",
       "      <th>분류</th>\n",
       "    </tr>\n",
       "    <tr>\n",
       "      <th>지점</th>\n",
       "      <th></th>\n",
       "      <th></th>\n",
       "      <th></th>\n",
       "      <th></th>\n",
       "      <th></th>\n",
       "      <th></th>\n",
       "      <th></th>\n",
       "      <th></th>\n",
       "      <th></th>\n",
       "      <th></th>\n",
       "      <th></th>\n",
       "      <th></th>\n",
       "      <th></th>\n",
       "      <th></th>\n",
       "      <th></th>\n",
       "      <th></th>\n",
       "      <th></th>\n",
       "      <th></th>\n",
       "      <th></th>\n",
       "      <th></th>\n",
       "      <th></th>\n",
       "    </tr>\n",
       "  </thead>\n",
       "  <tbody>\n",
       "    <tr>\n",
       "      <th>184</th>\n",
       "      <td>제주</td>\n",
       "      <td>2019-01-01</td>\n",
       "      <td>5.6</td>\n",
       "      <td>4.8</td>\n",
       "      <td>7.0</td>\n",
       "      <td>0.0</td>\n",
       "      <td>13.6</td>\n",
       "      <td>320.0</td>\n",
       "      <td>7.6</td>\n",
       "      <td>320.0</td>\n",
       "      <td>...</td>\n",
       "      <td>1031.7</td>\n",
       "      <td>1035.5</td>\n",
       "      <td>1032.3</td>\n",
       "      <td>1034.3</td>\n",
       "      <td>10.0</td>\n",
       "      <td>9.0</td>\n",
       "      <td>9.0</td>\n",
       "      <td>4.8</td>\n",
       "      <td>4.3</td>\n",
       "      <td>45.0</td>\n",
       "    </tr>\n",
       "    <tr>\n",
       "      <th>184</th>\n",
       "      <td>제주</td>\n",
       "      <td>2019-01-02</td>\n",
       "      <td>5.1</td>\n",
       "      <td>4.5</td>\n",
       "      <td>6.1</td>\n",
       "      <td>0.0</td>\n",
       "      <td>11.4</td>\n",
       "      <td>22.5</td>\n",
       "      <td>6.2</td>\n",
       "      <td>360.0</td>\n",
       "      <td>...</td>\n",
       "      <td>1031.7</td>\n",
       "      <td>1035.9</td>\n",
       "      <td>1032.2</td>\n",
       "      <td>1034.3</td>\n",
       "      <td>9.9</td>\n",
       "      <td>8.8</td>\n",
       "      <td>8.8</td>\n",
       "      <td>4.6</td>\n",
       "      <td>2.9</td>\n",
       "      <td>45.0</td>\n",
       "    </tr>\n",
       "    <tr>\n",
       "      <th>184</th>\n",
       "      <td>제주</td>\n",
       "      <td>2019-01-03</td>\n",
       "      <td>5.1</td>\n",
       "      <td>3.5</td>\n",
       "      <td>8.0</td>\n",
       "      <td>0.0</td>\n",
       "      <td>8.2</td>\n",
       "      <td>14.1</td>\n",
       "      <td>5.1</td>\n",
       "      <td>20.0</td>\n",
       "      <td>...</td>\n",
       "      <td>1031.8</td>\n",
       "      <td>1036.6</td>\n",
       "      <td>1033.2</td>\n",
       "      <td>1034.4</td>\n",
       "      <td>9.9</td>\n",
       "      <td>4.1</td>\n",
       "      <td>4.1</td>\n",
       "      <td>5.5</td>\n",
       "      <td>-1.8</td>\n",
       "      <td>54.0</td>\n",
       "    </tr>\n",
       "    <tr>\n",
       "      <th>184</th>\n",
       "      <td>제주</td>\n",
       "      <td>2019-01-04</td>\n",
       "      <td>5.8</td>\n",
       "      <td>2.6</td>\n",
       "      <td>10.0</td>\n",
       "      <td>1.6</td>\n",
       "      <td>7.6</td>\n",
       "      <td>30.9</td>\n",
       "      <td>4.6</td>\n",
       "      <td>20.0</td>\n",
       "      <td>...</td>\n",
       "      <td>1027.2</td>\n",
       "      <td>1033.7</td>\n",
       "      <td>1027.2</td>\n",
       "      <td>1029.8</td>\n",
       "      <td>9.9</td>\n",
       "      <td>8.1</td>\n",
       "      <td>6.3</td>\n",
       "      <td>5.2</td>\n",
       "      <td>-2.6</td>\n",
       "      <td>41.0</td>\n",
       "    </tr>\n",
       "    <tr>\n",
       "      <th>184</th>\n",
       "      <td>제주</td>\n",
       "      <td>2019-01-05</td>\n",
       "      <td>7.0</td>\n",
       "      <td>5.2</td>\n",
       "      <td>9.0</td>\n",
       "      <td>0.0</td>\n",
       "      <td>8.9</td>\n",
       "      <td>0.0</td>\n",
       "      <td>5.1</td>\n",
       "      <td>360.0</td>\n",
       "      <td>...</td>\n",
       "      <td>1023.5</td>\n",
       "      <td>1027.5</td>\n",
       "      <td>1024.6</td>\n",
       "      <td>1026.0</td>\n",
       "      <td>9.9</td>\n",
       "      <td>5.9</td>\n",
       "      <td>5.1</td>\n",
       "      <td>6.6</td>\n",
       "      <td>0.1</td>\n",
       "      <td>52.0</td>\n",
       "    </tr>\n",
       "  </tbody>\n",
       "</table>\n",
       "<p>5 rows × 27 columns</p>\n",
       "</div>"
      ],
      "text/plain": [
       "    지점명          일시  평균기온(°C)  최저기온(°C)  최고기온(°C)  일강수량(mm)  최대 순간 풍속(m/s)  \\\n",
       "지점                                                                           \n",
       "184  제주  2019-01-01       5.6       4.8       7.0       0.0           13.6   \n",
       "184  제주  2019-01-02       5.1       4.5       6.1       0.0           11.4   \n",
       "184  제주  2019-01-03       5.1       3.5       8.0       0.0            8.2   \n",
       "184  제주  2019-01-04       5.8       2.6      10.0       1.6            7.6   \n",
       "184  제주  2019-01-05       7.0       5.2       9.0       0.0            8.9   \n",
       "\n",
       "     최대 순간 풍속 풍향(16방위)  최대 풍속(m/s)  최대 풍속 풍향(16방위)  ...  평균 현지기압(hPa)  \\\n",
       "지점                                                  ...                 \n",
       "184              320.0         7.6           320.0  ...        1031.7   \n",
       "184               22.5         6.2           360.0  ...        1031.7   \n",
       "184               14.1         5.1            20.0  ...        1031.8   \n",
       "184               30.9         4.6            20.0  ...        1027.2   \n",
       "184                0.0         5.1           360.0  ...        1023.5   \n",
       "\n",
       "     최고 해면기압(hPa)  최저 해면기압(hPa)  평균 해면기압(hPa)  가조시간(hr)  평균 전운량(1/10)  \\\n",
       "지점                                                                      \n",
       "184        1035.5        1032.3        1034.3      10.0           9.0   \n",
       "184        1035.9        1032.2        1034.3       9.9           8.8   \n",
       "184        1036.6        1033.2        1034.4       9.9           4.1   \n",
       "184        1033.7        1027.2        1029.8       9.9           8.1   \n",
       "184        1027.5        1024.6        1026.0       9.9           5.9   \n",
       "\n",
       "     평균 중하층운량(1/10)  평균 지면온도(°C)  최저 초상온도(°C)    분류  \n",
       "지점                                                   \n",
       "184             9.0          4.8          4.3  45.0  \n",
       "184             8.8          4.6          2.9  45.0  \n",
       "184             4.1          5.5         -1.8  54.0  \n",
       "184             6.3          5.2         -2.6  41.0  \n",
       "184             5.1          6.6          0.1  52.0  \n",
       "\n",
       "[5 rows x 27 columns]"
      ]
     },
     "execution_count": 4,
     "metadata": {},
     "output_type": "execute_result"
    }
   ],
   "source": [
    "df.head()"
   ]
  },
  {
   "cell_type": "code",
   "execution_count": 5,
   "metadata": {},
   "outputs": [],
   "source": [
    "X, y = df.iloc[:,2:-1],df.iloc[:,-1]"
   ]
  },
  {
   "cell_type": "code",
   "execution_count": 6,
   "metadata": {},
   "outputs": [
    {
     "data": {
      "text/plain": [
       "(364, 24)"
      ]
     },
     "execution_count": 6,
     "metadata": {},
     "output_type": "execute_result"
    }
   ],
   "source": [
    "X.shape"
   ]
  },
  {
   "cell_type": "code",
   "execution_count": 7,
   "metadata": {},
   "outputs": [
    {
     "name": "stdout",
     "output_type": "stream",
     "text": [
      "[[ 5.34302197e+01  5.36865749e+01  5.41279565e+01  2.98501190e+01\n",
      "  -3.16259861e+00 -1.16143697e+02 -1.00328974e+00 -4.12284042e+02\n",
      "  -1.73895090e+00 -1.50905235e+05 -3.79168634e+02  6.09713096e+01\n",
      "   4.26435336e+01  4.87711355e+01  5.70569575e+01 -4.79991579e+01\n",
      "  -5.02190962e+01 -6.38545335e+01 -4.85485213e+01  9.44472520e+00\n",
      "  -7.19007129e-01 -3.47088116e+00  5.79104894e+01  5.65973908e+01]\n",
      " [ 5.36865749e+01  5.53277026e+01  5.35092641e+01  3.25789886e+01\n",
      "  -3.04348197e+00 -1.19771693e+02 -9.49005540e-01 -4.07075561e+02\n",
      "  -1.50060334e+00 -1.32378829e+05 -3.67746163e+02  6.27471307e+01\n",
      "   5.07979869e+01  5.48398226e+01  5.92354757e+01 -4.88857691e+01\n",
      "  -5.13971138e+01 -6.38205752e+01 -4.94336361e+01  9.59149669e+00\n",
      "   4.96929737e-01 -2.19962765e+00  5.82541740e+01  5.94517946e+01]\n",
      " [ 5.41279565e+01  5.35092641e+01  5.62654772e+01  2.66617719e+01\n",
      "  -2.98186541e+00 -9.92937820e+01 -8.55029516e-01 -4.13350157e+02\n",
      "  -1.80738489e+00 -1.53647892e+05 -3.83796734e+02  6.07567218e+01\n",
      "   3.69663774e+01  4.55654732e+01  5.62980234e+01 -4.89673800e+01\n",
      "  -5.10027686e+01 -6.00638194e+01 -4.95314266e+01  9.61103798e+00\n",
      "  -1.75719107e+00 -4.50798013e+00  5.89882664e+01  5.55538646e+01]\n",
      " [ 2.98501190e+01  3.25789886e+01  2.66617719e+01  4.11562557e+02\n",
      "   2.61409170e+01 -1.54912515e+02  1.17394333e+01 -2.99726190e+02\n",
      "   4.87826250e+00  3.83441276e+05 -2.36207202e+02  5.21403030e+01\n",
      "   1.07264477e+02  1.10161437e+02  5.38003237e+01 -4.71235645e+01\n",
      "  -3.73945868e+01 -2.82125521e+01 -4.74386718e+01  5.37300767e+00\n",
      "   1.69784701e+01  1.26310695e+01  2.19700295e+01  4.66733688e+01]\n",
      " [-3.16259861e+00 -3.04348197e+00 -2.98186541e+00  2.61409170e+01\n",
      "   1.68218624e+01  4.25447534e+01  7.87383193e+00  6.23376623e+01\n",
      "   3.74380438e+00  2.93921555e+05  6.04301456e+01 -1.69992159e+00\n",
      "   4.92255986e+00  5.98927164e+00 -1.30141132e+00 -1.97706385e+00\n",
      "   1.37134350e+00 -7.84162201e+00 -1.95991705e+00 -8.81175491e-01\n",
      "   3.56640632e+00  4.10541368e+00 -5.48387007e+00 -7.26524990e-01]\n",
      " [-1.16143697e+02 -1.19771693e+02 -9.92937820e+01 -1.54912515e+02\n",
      "   4.25447534e+01  1.52511193e+04  1.35885499e+01  9.09764305e+03\n",
      "   2.50865940e+01  1.94232229e+06  6.33463046e+03 -1.88310392e+02\n",
      "  -2.60633571e+02 -3.12869420e+02 -1.61869445e+02  9.95689202e+01\n",
      "   1.13544853e+02  7.35285650e+02  1.00293289e+02 -2.95292229e+01\n",
      "  -6.34620713e+00  2.42624948e+01 -1.41881472e+02 -1.15330555e+02]\n",
      " [-1.00328974e+00 -9.49005540e-01 -8.55029516e-01  1.17394333e+01\n",
      "   7.87383193e+00  1.35885499e+01  4.00420731e+00  1.38315624e+01\n",
      "   1.80098417e+00  1.45135888e+05  1.97457694e+01 -3.05164230e-01\n",
      "   2.21993855e+00  3.18289559e+00 -2.20597584e-01 -1.71623679e+00\n",
      "  -1.98889595e-01 -8.33142645e+00 -1.71581963e+00 -2.52605576e-01\n",
      "   1.53361881e+00  1.78471407e+00 -1.87751733e+00  1.65556867e-01]\n",
      " [-4.12284042e+02 -4.07075561e+02 -4.13350157e+02 -2.99726190e+02\n",
      "   6.23376623e+01  9.09764305e+03  1.38315624e+01  1.75929850e+04\n",
      "   3.55491932e+01  2.88431147e+06  1.16165486e+04 -5.21214876e+02\n",
      "  -4.74524793e+02 -5.79623672e+02 -4.56113636e+02  3.73020563e+02\n",
      "   3.94210744e+02  2.33050177e+02  3.77109996e+02 -8.27806966e+01\n",
      "  -1.48920701e+01  2.56787682e+01 -4.65915584e+02 -4.15290437e+02]\n",
      " [-1.73895090e+00 -1.50060334e+00 -1.80738489e+00  4.87826250e+00\n",
      "   3.74380438e+00  2.50865940e+01  1.80098417e+00  3.55491932e+01\n",
      "   1.18440015e+00  9.46407414e+04  3.99000394e+01 -1.89094935e+00\n",
      "  -3.65020131e-01 -8.43123694e-01 -1.55620364e+00  3.56035934e-01\n",
      "   1.00697817e+00 -1.09026943e+00  3.68643175e-01 -3.22701995e-01\n",
      "   6.43687676e-01  1.02412179e+00 -2.16828868e+00 -7.85489965e-01]\n",
      " [-1.50905235e+05 -1.32378829e+05 -1.53647892e+05  3.83441276e+05\n",
      "   2.93921555e+05  1.94232229e+06  1.45135888e+05  2.88431147e+06\n",
      "   9.46407414e+04  8.97614381e+09  3.17560453e+06 -1.66068235e+05\n",
      "  -3.05647698e+04 -7.82690992e+04 -1.42156262e+05  3.22216712e+04\n",
      "   8.20669798e+04 -1.02286688e+05  3.33430811e+04 -2.63014318e+04\n",
      "   5.23013801e+04  8.20499814e+04 -1.84380635e+05 -7.59763580e+04]\n",
      " [-3.79168634e+02 -3.67746163e+02 -3.83796734e+02 -2.36207202e+02\n",
      "   6.04301456e+01  6.33463046e+03  1.97457694e+01  1.16165486e+04\n",
      "   3.99000394e+01  3.17560453e+06  1.39311688e+04 -4.78619835e+02\n",
      "  -4.34245179e+02 -5.24586187e+02 -4.21714876e+02  3.27988784e+02\n",
      "   3.46677686e+02  1.56353798e+02  3.31845336e+02 -6.95200708e+01\n",
      "  -1.89708776e+00  3.92473436e+01 -4.24599764e+02 -3.67445887e+02]\n",
      " [ 6.09713096e+01  6.27471307e+01  6.07567218e+01  5.21403030e+01\n",
      "  -1.69992159e+00 -1.88310392e+02 -3.05164230e-01 -5.21214876e+02\n",
      "  -1.89094935e+00 -1.66068235e+05 -4.78619835e+02  7.88730960e+01\n",
      "   8.65755012e+01  9.18804238e+01  7.40625090e+01 -5.90727930e+01\n",
      "  -6.05526976e+01 -7.61675270e+01 -5.96908095e+01  1.07021339e+01\n",
      "   3.78285866e+00  4.44055944e-02  6.42801356e+01  6.99844353e+01]\n",
      " [ 4.26435336e+01  5.07979869e+01  3.69663774e+01  1.07264477e+02\n",
      "   4.92255986e+00 -2.60633571e+02  2.21993855e+00 -4.74524793e+02\n",
      "  -3.65020131e-01 -3.05647698e+04 -4.34245179e+02  8.65755012e+01\n",
      "   2.43664211e+02  1.91608270e+02  8.38465024e+01 -5.47699227e+01\n",
      "  -5.29012248e+01  2.44191416e+02 -5.51318373e+01  6.54007523e+00\n",
      "   1.94789500e+01  1.70030292e+01  3.64824645e+01  7.11391736e+01]\n",
      " [ 4.87711355e+01  5.48398226e+01  4.55654732e+01  1.10161437e+02\n",
      "   5.98927164e+00 -3.12869420e+02  3.18289559e+00 -5.79623672e+02\n",
      "  -8.43123694e-01 -7.82690992e+04 -5.24586187e+02  9.18804238e+01\n",
      "   1.91608270e+02  1.91330364e+02  8.66927363e+01 -6.33276582e+01\n",
      "  -6.05678629e+01 -6.49946167e+01 -6.38083636e+01  8.57796923e+00\n",
      "   1.88168404e+01  1.34660359e+01  4.54766350e+01  7.32878158e+01]\n",
      " [ 5.70569575e+01  5.92354757e+01  5.62980234e+01  5.38003237e+01\n",
      "  -1.30141132e+00 -1.61869445e+02 -2.20597584e-01 -4.56113636e+02\n",
      "  -1.55620364e+00 -1.42156262e+05 -4.21714876e+02  7.40625090e+01\n",
      "   8.38465024e+01  8.66927363e+01  7.25089495e+01 -5.47379291e+01\n",
      "  -5.62292255e+01 -7.47303952e+01 -5.53089691e+01  9.98831797e+00\n",
      "   3.90631967e+00  5.12538144e-01  6.00225864e+01  6.71416804e+01]\n",
      " [-4.79991579e+01 -4.88857691e+01 -4.89673800e+01 -4.71235645e+01\n",
      "  -1.97706385e+00  9.95689202e+01 -1.71623679e+00  3.73020563e+02\n",
      "   3.56035934e-01  3.22216712e+04  3.27988784e+02 -5.90727930e+01\n",
      "  -5.47699227e+01 -6.33276582e+01 -5.47379291e+01  6.52960309e+01\n",
      "   6.45483037e+01  5.23165569e+01  6.58638693e+01 -1.03533903e+01\n",
      "  -2.50754677e+00  1.34665796e+00 -5.31585555e+01 -5.39304565e+01]\n",
      " [-5.02190962e+01 -5.13971138e+01 -5.10027686e+01 -3.73945868e+01\n",
      "   1.37134350e+00  1.13544853e+02 -1.98889595e-01  3.94210744e+02\n",
      "   1.00697817e+00  8.20669798e+04  3.46677686e+02 -6.05526976e+01\n",
      "  -5.29012248e+01 -6.05678629e+01 -5.62292255e+01  6.45483037e+01\n",
      "   6.59763530e+01  5.10968362e+01  6.51312376e+01 -1.08771848e+01\n",
      "  -1.15742000e+00  2.48355054e+00 -5.66691630e+01 -5.60539118e+01]\n",
      " [-6.38545335e+01 -6.38205752e+01 -6.00638194e+01 -2.82125521e+01\n",
      "  -7.84162201e+00  7.35285650e+02 -8.33142645e+00  2.33050177e+02\n",
      "  -1.09026943e+00 -1.02286688e+05  1.56353798e+02 -7.61675270e+01\n",
      "   2.44191416e+02 -6.49946167e+01 -7.47303952e+01  5.23165569e+01\n",
      "   5.10968362e+01  5.70686785e+03  5.31405455e+01 -1.09664031e+01\n",
      "  -1.01133165e+01  3.68829761e+00 -6.59979145e+01 -7.67590791e+01]\n",
      " [-4.85485213e+01 -4.94336361e+01 -4.95314266e+01 -4.74386718e+01\n",
      "  -1.95991705e+00  1.00293289e+02 -1.71581963e+00  3.77109996e+02\n",
      "   3.68643175e-01  3.33430811e+04  3.31845336e+02 -5.96908095e+01\n",
      "  -5.51318373e+01 -6.38083636e+01 -5.53089691e+01  6.58638693e+01\n",
      "   6.51312376e+01  5.31405455e+01  6.64389952e+01 -1.04567955e+01\n",
      "  -2.49837814e+00  1.38830003e+00 -5.37718515e+01 -5.45059268e+01]\n",
      " [ 9.44472520e+00  9.59149669e+00  9.61103798e+00  5.37300767e+00\n",
      "  -8.81175491e-01 -2.95292229e+01 -2.52605576e-01 -8.27806966e+01\n",
      "  -3.22701995e-01 -2.63014318e+04 -6.95200708e+01  1.07021339e+01\n",
      "   6.54007523e+00  8.57796923e+00  9.98831797e+00 -1.03533903e+01\n",
      "  -1.08771848e+01 -1.09664031e+01 -1.04567955e+01  2.32961364e+00\n",
      "  -8.08413556e-02 -8.83815805e-01  1.12928991e+01  1.02817552e+01]\n",
      " [-7.19007129e-01  4.96929737e-01 -1.75719107e+00  1.69784701e+01\n",
      "   3.56640632e+00 -6.34620713e+00  1.53361881e+00 -1.48920701e+01\n",
      "   6.43687676e-01  5.23013801e+04 -1.89708776e+00  3.78285866e+00\n",
      "   1.94789500e+01  1.88168404e+01  3.90631967e+00 -2.50754677e+00\n",
      "  -1.15742000e+00 -1.01133165e+01 -2.49837814e+00 -8.08413556e-02\n",
      "   7.56459866e+00  5.53422343e+00 -2.93886886e+00  3.92952774e+00]\n",
      " [-3.47088116e+00 -2.19962765e+00 -4.50798013e+00  1.26310695e+01\n",
      "   4.10541368e+00  2.42624948e+01  1.78471407e+00  2.56787682e+01\n",
      "   1.02412179e+00  8.20499814e+04  3.92473436e+01  4.44055944e-02\n",
      "   1.70030292e+01  1.34660359e+01  5.12538144e-01  1.34665796e+00\n",
      "   2.48355054e+00  3.68829761e+00  1.38830003e+00 -8.83815805e-01\n",
      "   5.53422343e+00  5.92621038e+00 -5.98314912e+00  8.36123573e-01]\n",
      " [ 5.79104894e+01  5.82541740e+01  5.89882664e+01  2.19700295e+01\n",
      "  -5.48387007e+00 -1.41881472e+02 -1.87751733e+00 -4.65915584e+02\n",
      "  -2.16828868e+00 -1.84380635e+05 -4.24599764e+02  6.42801356e+01\n",
      "   3.64824645e+01  4.54766350e+01  6.00225864e+01 -5.31585555e+01\n",
      "  -5.66691630e+01 -6.59979145e+01 -5.37718515e+01  1.12928991e+01\n",
      "  -2.93886886e+00 -5.98314912e+00  6.77146608e+01  6.08439197e+01]\n",
      " [ 5.65973908e+01  5.94517946e+01  5.55538646e+01  4.66733688e+01\n",
      "  -7.26524990e-01 -1.15330555e+02  1.65556867e-01 -4.15290437e+02\n",
      "  -7.85489965e-01 -7.59763580e+04 -3.67445887e+02  6.99844353e+01\n",
      "   7.11391736e+01  7.32878158e+01  6.71416804e+01 -5.39304565e+01\n",
      "  -5.60539118e+01 -7.67590791e+01 -5.45059268e+01  1.02817552e+01\n",
      "   3.92952774e+00  8.36123573e-01  6.08439197e+01  6.80529791e+01]]\n"
     ]
    }
   ],
   "source": [
    "x_cen = X - X.mean(axis = 0)\n",
    "x_cov = np.dot(x_cen.T , x_cen) / 363\n",
    "print(x_cov)"
   ]
  },
  {
   "cell_type": "code",
   "execution_count": 8,
   "metadata": {},
   "outputs": [
    {
     "name": "stdout",
     "output_type": "stream",
     "text": [
      "[8.97614633e+09 3.17701372e+04 9.00997272e+03 5.64646650e+03\n",
      " 3.77569688e+03 7.09809044e+02 3.06831188e+02 1.95373927e+02\n",
      " 3.94222007e+01 1.53421670e+01 8.49057026e+00 7.22797744e+00\n",
      " 3.18110486e+00 2.84597266e+00 1.61569168e+00 8.43883236e-01\n",
      " 6.91844395e-01 6.34636073e-01 6.09932985e-04 2.87185990e-01\n",
      " 2.47029929e-01 2.13331062e-01 9.24984463e-02 9.89827104e-02]\n",
      "---------------- [[ 1.68118373e-05  1.48709165e-02  2.03468170e-02 -1.47101440e-02\n",
      "   2.99144745e-03 -1.69256563e-01 -1.65100347e-01  2.00783032e-01\n",
      "   2.16935167e-01  6.32427594e-03 -5.09999858e-02  9.51700440e-02\n",
      "   2.23915330e-01 -1.81976152e-01  8.67652934e-02  3.48501290e-02\n",
      "  -1.62525853e-01  1.08513196e-01 -8.09936613e-03 -7.40841108e-02\n",
      "   8.28972282e-02  7.49130008e-02  5.62356107e-01  6.16191796e-01]\n",
      " [ 1.47478771e-05  1.49476236e-02  1.94810808e-02 -1.44230231e-02\n",
      "   3.66785058e-03 -1.84095914e-01 -1.70220149e-01  1.72824097e-01\n",
      "   2.33957745e-01 -4.72636504e-02 -8.50654129e-02 -1.02710057e-01\n",
      "   1.66039316e-02 -1.08687976e-02  3.61055395e-01  1.31497531e-02\n",
      "  -4.79177411e-01  2.96429798e-01  1.73775005e-03  5.35295778e-01\n",
      "  -3.74887819e-02 -1.23675070e-01 -2.06165189e-01 -1.93718066e-01]\n",
      " [ 1.71173865e-05  1.46436870e-02  2.21931780e-02 -1.45211932e-02\n",
      "   3.12221194e-03 -1.61905615e-01 -1.73471332e-01  2.27143588e-01\n",
      "   1.86927495e-01  8.64713252e-02  2.40967546e-02  2.55003860e-01\n",
      "   3.95828936e-01 -4.32037326e-01 -9.61994770e-02 -4.05666767e-02\n",
      "   3.64492830e-01 -4.09401785e-01  1.37208259e-04  2.43133221e-01\n",
      "  -9.35548296e-02 -1.00494471e-01 -1.43249033e-01 -1.73084721e-01]\n",
      " [-4.27177775e-05  1.96401495e-02  1.14369227e-02 -4.34439711e-03\n",
      "  -2.84852839e-03 -4.60251985e-01  8.36230714e-01  2.91770794e-01\n",
      "   2.71825835e-02 -3.85309627e-02  2.54728162e-02 -7.10537211e-03\n",
      "  -6.38480486e-03 -1.07748137e-02  2.14165497e-03 -6.57423573e-03\n",
      "  -3.62249289e-03 -5.50704271e-03  1.31373401e-05 -3.33734122e-03\n",
      "  -1.90918001e-03  3.04109876e-03 -2.47903689e-03 -3.37699614e-03]\n",
      " [-3.27447387e-05  1.78103884e-03  1.28530126e-03 -9.22616490e-04\n",
      "  -3.17274305e-03 -1.83577572e-02  2.74228451e-02 -6.99329258e-03\n",
      "  -3.66177720e-02  2.80864881e-01 -5.44090819e-01  5.84057394e-01\n",
      "  -2.70163138e-01  1.03001860e-01  8.17157870e-02  1.01488880e-02\n",
      "  -7.72333395e-02 -5.79432371e-02  1.57370120e-03 -9.90822257e-02\n",
      "  -5.41449781e-02 -3.91087217e-01 -7.80928787e-02  9.98148123e-02]\n",
      " [-2.16388016e-04 -5.15001791e-01  8.30119732e-01 -1.21365301e-01\n",
      "   1.72285464e-01  2.16379784e-02  1.94939253e-02 -1.99335834e-02\n",
      "  -1.56625602e-03 -1.74710787e-03  1.84846989e-03  1.31851473e-03\n",
      "  -1.57342447e-03  1.15495402e-03 -1.68677293e-04  8.59781707e-04\n",
      "  -1.24606256e-03  1.35315509e-04 -1.69802663e-05 -1.75092956e-04\n",
      "   2.84475618e-04 -6.74905434e-05 -1.56875146e-04  9.23092485e-05]\n",
      " [-1.61690639e-05  1.53163518e-03  9.22637672e-04 -1.20342047e-03\n",
      "  -6.32933795e-04 -7.95695505e-03  8.12704577e-03 -1.20752871e-03\n",
      "  -2.69663730e-02  1.26498528e-01 -2.23179011e-01  2.74019762e-01\n",
      "  -1.42345557e-01  3.88089456e-02  5.27626603e-02  2.08170892e-03\n",
      "  -1.76889539e-02 -1.07784905e-01 -1.63924761e-03  2.33521521e-01\n",
      "   1.35300818e-01  8.63029599e-01 -1.73879662e-02 -6.15510532e-02]\n",
      " [-3.21331977e-04 -6.68741047e-01 -2.70816380e-01 -9.94403970e-03\n",
      "  -6.89331663e-01 -5.81487938e-02 -2.11388591e-02  1.77721652e-02\n",
      "   8.65864893e-04  2.88936041e-03 -3.51027305e-04 -2.34891724e-03\n",
      "  -2.77871890e-04 -2.42607553e-03 -8.99226702e-05 -9.08187334e-04\n",
      "   9.57041235e-05  9.73732478e-05 -5.97813572e-06  2.41625144e-04\n",
      "   6.44171125e-04  8.14817993e-04  2.59263086e-04 -1.74063187e-04]\n",
      " [-1.05435848e-05 -2.90252878e-04 -6.05223724e-05 -1.95049319e-05\n",
      "   4.64218756e-04 -1.11276122e-03  2.57815965e-03  5.34512561e-04\n",
      "  -2.15561812e-03  1.60867639e-02 -6.43313561e-02  4.50347017e-02\n",
      "  -6.42016345e-02  5.36833033e-02  7.10892830e-02 -1.50738031e-02\n",
      "   5.25418814e-02 -2.93733842e-03 -4.92386515e-03  4.33024937e-02\n",
      "  -2.43470903e-02 -8.79973960e-02  7.52185532e-01 -6.34420026e-01]\n",
      " [-9.99999860e-01  5.15640657e-04  7.47601262e-05  1.13315275e-05\n",
      "  -6.41791367e-05  2.63088790e-05 -5.20105621e-05  9.76599183e-07\n",
      "   1.42539060e-05 -6.50798163e-06  3.02040541e-05 -1.76179209e-05\n",
      "   1.17408858e-05 -4.63702148e-06 -6.88122317e-06  8.41122447e-07\n",
      "  -2.46974406e-06  2.38805171e-06  1.48331477e-08 -1.67882601e-06\n",
      "   8.67974916e-08 -7.65940040e-07 -4.12632280e-06  4.05414651e-06]\n",
      " [-3.53783690e-04 -5.31788136e-01 -4.62009454e-01  7.83652082e-02\n",
      "   7.02311448e-01 -6.32418020e-02 -1.58367061e-02  7.78171318e-03\n",
      "   3.31792542e-03  4.22305856e-03  1.08962022e-03  4.61686630e-03\n",
      "  -2.77374295e-04 -1.16096773e-03 -9.18777781e-04  5.90387702e-04\n",
      "  -7.39669201e-04  5.99413848e-05  1.57906144e-05 -3.89328294e-04\n",
      "  -3.38830849e-04  1.79917440e-04 -3.26938091e-04  4.90079644e-04]\n",
      " [ 1.85011017e-05  1.98976940e-02  2.22031025e-02 -1.65931286e-02\n",
      "   1.40596490e-03 -2.53886038e-01 -1.66249218e-01  6.59452452e-02\n",
      "   1.79105362e-01  1.69802657e-01  3.38985663e-02  7.83110141e-02\n",
      "   2.04944370e-01 -7.15154860e-02  6.11647204e-02 -2.69656624e-02\n",
      "  -2.10945876e-01  1.73320921e-01  2.74788892e-03 -6.94722635e-01\n",
      "   2.13555634e-01  1.40298023e-01 -2.01386968e-01 -3.45800690e-01]\n",
      " [ 3.40515121e-06  2.14657553e-02  1.82914341e-02  4.29260855e-02\n",
      "  -8.50784012e-03 -4.37027422e-01 -5.54357386e-02 -6.08986782e-01\n",
      "   8.51163409e-02 -6.02993669e-01 -1.00955101e-01  1.96654501e-01\n",
      "  -1.87395982e-02 -9.04001643e-02 -5.36103754e-02  2.95090250e-02\n",
      "   5.36283776e-03 -1.60703933e-02  5.05746741e-04  4.35321744e-03\n",
      "   4.84843297e-03 -2.01518813e-03 -2.73271611e-03 -6.16960972e-03]\n",
      " [ 8.71972552e-06  2.55136322e-02  1.61650960e-02 -1.17368669e-02\n",
      "  -4.19128445e-03 -4.06021786e-01 -4.11484741e-02 -4.56561012e-01\n",
      "  -1.51486766e-01  6.57112179e-01  3.15181284e-01 -9.90750171e-02\n",
      "  -8.56018607e-02 -7.31925772e-02  1.07610652e-01 -9.50112290e-03\n",
      "   1.65628067e-02 -1.52523059e-02 -1.03786681e-03  1.44060544e-01\n",
      "  -4.42715558e-02 -3.58153554e-02  6.25750397e-02  8.52223086e-02]\n",
      " [ 1.58371503e-05  1.75089020e-02  1.98845164e-02 -1.61007868e-02\n",
      "   8.65705856e-04 -2.48242567e-01 -1.48793981e-01  6.03231919e-02\n",
      "   2.29052860e-01  9.91553639e-02 -2.96592633e-02 -8.36293658e-03\n",
      "   2.03411716e-01  7.05757677e-01 -5.30334371e-01 -9.05751770e-02\n",
      "  -6.14532882e-03 -2.76215523e-02  4.79077911e-04  1.31845175e-01\n",
      "  -2.70531600e-02 -1.25545560e-02  1.39633500e-02  1.38328988e-02]\n",
      " [-3.58972860e-06 -1.48766868e-02 -1.93483761e-02  1.21560811e-02\n",
      "  -3.92986705e-03  2.06730621e-01  1.57308591e-01 -1.80659033e-01\n",
      "   4.86575430e-01  6.62854606e-02  7.58686516e-02 -3.59852161e-02\n",
      "  -8.61749803e-02 -2.22668227e-02  2.41706089e-02 -1.17095249e-01\n",
      "  -1.97371002e-01 -2.91925446e-01  7.08369646e-01 -3.74179925e-02\n",
      "  -2.34822386e-02 -1.69640190e-03  2.57934003e-02  1.09084443e-02]\n",
      " [-9.14281529e-06 -1.50501526e-02 -1.92750599e-02  1.20062966e-02\n",
      "  -4.54844381e-03  2.00567327e-01  1.82702106e-01 -1.92380209e-01\n",
      "   4.15822350e-01  1.52853593e-01 -4.81793251e-02  1.07256555e-01\n",
      "   8.72779221e-02 -6.91133479e-02 -8.44291294e-02  2.93811167e-01\n",
      "   4.22829741e-01  6.06712690e-01  2.30084636e-04  1.09847030e-01\n",
      "   1.09506579e-01  1.20534353e-03 -3.51378168e-02 -2.22513704e-02]\n",
      " [ 1.13953626e-05 -2.60036881e-02  1.38448811e-01  9.87367116e-01\n",
      "  -4.07278565e-02 -1.08235323e-02 -1.59396176e-02  4.33510095e-02\n",
      "   5.07660620e-05  3.43180073e-02  3.93730951e-03 -1.10307081e-02\n",
      "   1.07449901e-03  5.30853596e-03  2.48428201e-03 -2.14754371e-04\n",
      "  -2.54533450e-04  8.41929651e-04 -7.01985185e-07 -5.60791706e-04\n",
      "  -1.26984178e-04  9.36528434e-04  2.48785151e-04  3.47634811e-04]\n",
      " [-3.71466112e-06 -1.50252727e-02 -1.95954811e-02  1.23465122e-02\n",
      "  -3.95747105e-03  2.08457755e-01  1.59128710e-01 -1.83182399e-01\n",
      "   4.86941673e-01  6.58504039e-02  7.58596056e-02 -3.67808299e-02\n",
      "  -8.66092058e-02 -1.92299022e-02  2.44468764e-02 -1.16500007e-01\n",
      "  -1.98395165e-01 -2.94986247e-01 -7.05725673e-01 -3.76056222e-02\n",
      "  -1.42814550e-02 -6.64469578e-03  1.26045240e-02  6.74844944e-03]\n",
      " [ 2.93015352e-06  3.03334120e-03  3.21485997e-03 -2.39093010e-03\n",
      "   1.46249039e-03 -3.05580724e-02 -3.26708375e-02  4.62352783e-02\n",
      "  -2.44265335e-02 -1.12037464e-02  3.10280738e-02 -5.94752441e-02\n",
      "  -1.65336692e-01 -3.70930458e-02 -1.07795822e-01  8.90424577e-02\n",
      "   2.72267090e-03 -1.67260595e-01  6.90117293e-03  1.54334276e-01\n",
      "   9.22465565e-01 -1.98848399e-01  3.45990613e-04 -4.14114339e-03]\n",
      " [-5.82670610e-06  1.35150922e-03  3.62959016e-04 -1.46732165e-03\n",
      "   1.23054934e-03 -3.57995248e-02  2.77876598e-02 -8.37270518e-02\n",
      "  -4.41861401e-02  1.39900862e-01 -5.05079827e-01 -4.43022594e-01\n",
      "   5.55088795e-02 -2.87501547e-01 -3.88270267e-01  4.45095826e-01\n",
      "  -2.29579316e-01 -1.17928417e-01 -5.70557445e-04 -2.12868803e-02\n",
      "  -1.07610480e-01  3.15843103e-02  1.85291717e-02 -5.86554691e-02]\n",
      " [-9.14089355e-06 -2.41167929e-04  2.17872803e-04  9.27617775e-04\n",
      "   2.20391292e-03 -2.39443084e-02  2.64983584e-02 -9.15565243e-02\n",
      "   3.36416755e-03  6.15271450e-02 -4.22565532e-01 -3.06459602e-01\n",
      "   5.20581330e-02 -1.52630080e-01 -2.55254357e-02 -7.81944405e-01\n",
      "   1.79970969e-01  1.76868340e-01 -2.78407451e-04  2.11922277e-02\n",
      "   1.04532679e-01  3.19737366e-03 -1.04058745e-03  3.00988074e-02]\n",
      " [ 2.05412144e-05  1.66496015e-02  2.16943199e-02 -1.52983333e-02\n",
      "   3.82179484e-03 -1.65935441e-01 -2.04728982e-01  2.61906039e-01\n",
      "   1.81841130e-01 -3.69297786e-02  1.90709836e-01  2.09351360e-02\n",
      "  -6.99084731e-01 -2.74596369e-01 -3.98891779e-01 -1.01319996e-01\n",
      "   4.01060267e-02  1.66020654e-01 -2.89696138e-03 -3.22280112e-02\n",
      "  -1.58000368e-01  3.04846608e-02  1.79037832e-03 -1.01799614e-02]\n",
      " [ 8.46428286e-06  1.60329836e-02  2.05976798e-02 -1.66764587e-02\n",
      "   4.57288031e-03 -2.28857997e-01 -1.72591987e-01  1.17304959e-01\n",
      "   2.51586146e-01 -3.75177272e-02 -2.06249201e-01 -3.65954068e-01\n",
      "  -2.45030309e-01  2.44638380e-01  4.56541209e-01  2.12943428e-01\n",
      "   4.61966908e-01 -2.13001482e-01  2.87869239e-04 -1.45547686e-01\n",
      "  -4.06538339e-02  2.85567073e-02 -3.82040824e-02  6.61312719e-02]]\n"
     ]
    }
   ],
   "source": [
    "# 고유값 분해\n",
    "w ,v =np.linalg.eig(x_cov)\n",
    "print(w)\n",
    "print(\"----------------\",v)"
   ]
  },
  {
   "cell_type": "code",
   "execution_count": 12,
   "metadata": {},
   "outputs": [
    {
     "name": "stdout",
     "output_type": "stream",
     "text": [
      "singular value : [1805087.56559844    3395.9622783     1808.48558158]\n",
      "singular vector :\n",
      " [[-1.68118373e-05  1.48709165e-02 -2.03468170e-02]\n",
      " [-1.47478771e-05  1.49476236e-02 -1.94810808e-02]\n",
      " [-1.71173865e-05  1.46436870e-02 -2.21931780e-02]\n",
      " [ 4.27177775e-05  1.96401495e-02 -1.14369227e-02]\n",
      " [ 3.27447387e-05  1.78103884e-03 -1.28530126e-03]\n",
      " [ 2.16388016e-04 -5.15001791e-01 -8.30119732e-01]\n",
      " [ 1.61690639e-05  1.53163518e-03 -9.22637672e-04]\n",
      " [ 3.21331977e-04 -6.68741047e-01  2.70816380e-01]\n",
      " [ 1.05435848e-05 -2.90252878e-04  6.05223724e-05]\n",
      " [ 9.99999860e-01  5.15640657e-04 -7.47601262e-05]\n",
      " [ 3.53783690e-04 -5.31788136e-01  4.62009454e-01]\n",
      " [-1.85011017e-05  1.98976940e-02 -2.22031025e-02]\n",
      " [-3.40515121e-06  2.14657553e-02 -1.82914341e-02]\n",
      " [-8.71972552e-06  2.55136322e-02 -1.61650960e-02]\n",
      " [-1.58371503e-05  1.75089020e-02 -1.98845164e-02]\n",
      " [ 3.58972860e-06 -1.48766868e-02  1.93483761e-02]\n",
      " [ 9.14281529e-06 -1.50501526e-02  1.92750599e-02]\n",
      " [-1.13953626e-05 -2.60036881e-02 -1.38448811e-01]\n",
      " [ 3.71466112e-06 -1.50252727e-02  1.95954811e-02]\n",
      " [-2.93015352e-06  3.03334120e-03 -3.21485997e-03]\n",
      " [ 5.82670610e-06  1.35150922e-03 -3.62959016e-04]\n",
      " [ 9.14089355e-06 -2.41167929e-04 -2.17872803e-04]\n",
      " [-2.05412144e-05  1.66496015e-02 -2.16943199e-02]\n",
      " [-8.46428286e-06  1.60329836e-02 -2.05976798e-02]]\n"
     ]
    }
   ],
   "source": [
    "from sklearn.decomposition import PCA\n",
    "\n",
    "pca = PCA(n_components=3)\n",
    "pca.fit(X)\n",
    "PCA(copy=True, iterated_power='auto', n_components=3, random_state=None,\n",
    "  svd_solver='auto', tol=0.0, whiten=False)\n",
    "print('singular value :', pca.singular_values_)\n",
    "print('singular vector :\\n', pca.components_.T)\n"
   ]
  },
  {
   "cell_type": "code",
   "execution_count": 14,
   "metadata": {},
   "outputs": [
    {
     "data": {
      "text/plain": [
       "array([1805087.56559844,    3395.9622783 ,    1808.48558158])"
      ]
     },
     "execution_count": 14,
     "metadata": {},
     "output_type": "execute_result"
    }
   ],
   "source": [
    "pca.singular_values_"
   ]
  },
  {
   "cell_type": "code",
   "execution_count": 16,
   "metadata": {},
   "outputs": [
    {
     "name": "stdout",
     "output_type": "stream",
     "text": [
      "eigen_value : [8.97614633e+09 3.17701372e+04 9.00997272e+03]\n",
      "explained variance ratio : [9.99994263e-01 3.53937578e-06 1.00376272e-06]\n"
     ]
    }
   ],
   "source": [
    "print('eigen_value :', pca.explained_variance_)\n",
    "print('explained variance ratio :', pca.explained_variance_ratio_)\n"
   ]
  },
  {
   "cell_type": "code",
   "execution_count": 17,
   "metadata": {},
   "outputs": [
    {
     "name": "stdout",
     "output_type": "stream",
     "text": [
      "variance(==eigenvalue) : [8.95148659e+09 3.16828566e+04 8.98522005e+03]\n",
      "explained variance ratio : [9.99995457e-01 3.53938000e-06 1.00376392e-06]\n"
     ]
    }
   ],
   "source": [
    "# PC1에 projection\n",
    "pc1 = v[:, 0]\n",
    "proj1 = np.dot(X, pc1)\n",
    "\n",
    "# PC2에 projection\n",
    "pc2 = v[:, 1]\n",
    "proj2 = np.dot(X, pc2)\n",
    "\n",
    "# PC3에 projection\n",
    "pc3 = v[:, 2]\n",
    "proj3 = np.dot(X, pc3)\n",
    "\n",
    "proj_list = np.array([proj1.var(), proj2.var(), proj3.var()])\n",
    "\n",
    "print('variance(==eigenvalue) :', proj_list)\n",
    "print('explained variance ratio :', proj_list / proj_list.sum())\n",
    "\n"
   ]
  },
  {
   "cell_type": "code",
   "execution_count": 20,
   "metadata": {},
   "outputs": [
    {
     "name": "stdout",
     "output_type": "stream",
     "text": [
      "선택할 차원 수 : 1\n"
     ]
    }
   ],
   "source": [
    "cumsum = np.cumsum(pca.explained_variance_ratio_)\n",
    "d = np.argmax(cumsum >= 0.95) + 1\n",
    "print('선택할 차원 수 :', d)\n"
   ]
  },
  {
   "cell_type": "code",
   "execution_count": 22,
   "metadata": {},
   "outputs": [
    {
     "name": "stdout",
     "output_type": "stream",
     "text": [
      "principal component vec :\n",
      " [[-1.68118373e-05]\n",
      " [-1.47478771e-05]\n",
      " [-1.71173865e-05]\n",
      " [ 4.27177775e-05]\n",
      " [ 3.27447387e-05]\n",
      " [ 2.16388016e-04]\n",
      " [ 1.61690639e-05]\n",
      " [ 3.21331977e-04]\n",
      " [ 1.05435848e-05]\n",
      " [ 9.99999860e-01]\n",
      " [ 3.53783690e-04]\n",
      " [-1.85011017e-05]\n",
      " [-3.40515121e-06]\n",
      " [-8.71972552e-06]\n",
      " [-1.58371503e-05]\n",
      " [ 3.58972860e-06]\n",
      " [ 9.14281529e-06]\n",
      " [-1.13953626e-05]\n",
      " [ 3.71466112e-06]\n",
      " [-2.93015352e-06]\n",
      " [ 5.82670610e-06]\n",
      " [ 9.14089355e-06]\n",
      " [-2.05412144e-05]\n",
      " [-8.46428286e-06]]\n"
     ]
    }
   ],
   "source": [
    "pca = PCA(n_components=0.95)\n",
    "X_proj = pca.fit_transform(X)\n",
    "print('principal component vec :\\n', pca.components_.T)\n",
    "\n",
    "#https://excelsior-cjh.tistory.com/167"
   ]
  }
 ],
 "metadata": {
  "kernelspec": {
   "display_name": "Python 3",
   "language": "python",
   "name": "python3"
  },
  "language_info": {
   "codemirror_mode": {
    "name": "ipython",
    "version": 3
   },
   "file_extension": ".py",
   "mimetype": "text/x-python",
   "name": "python",
   "nbconvert_exporter": "python",
   "pygments_lexer": "ipython3",
   "version": "3.7.4"
  }
 },
 "nbformat": 4,
 "nbformat_minor": 2
}
